54
14389,14471,14498
33139,33204,33191
69391,69400,69440
116043,116085,116092
123423,123496,123481
152668,152745,152669
233773,233850,233868
242137,242189,242154
247506,247622,247578
262627,262697,262741
278185,278227,278243
315388,315495,315409
318264,318302,318296
327783,327790,327828
469547,469585,469607
470773,470789,470794
502144,502243,502174
504906,504961,504972
509392,509429,509421
519006,519013,519025
524378,524410,524451
540408,540449,540491
546935,546993,546994
555402,555405,555480
599801,599804,599869
622513,622570,622536
622761,622851,622768
641136,641179,641187
642519,642598,642614
647713,647727,647742
754031,754061,754040
772914,772993,772995
779910,779968,779983
792813,792863,792855
793876,793939,793891
803875,803899,803996
805333,805366,805374
808965,808973,808984
817293,817326,817369
918175,918214,918228
947045,947124,947102
948041,948067,948092
951423,951471,951483
998127,998176,998145
125393,125450,125437,125474
313513,313529,313541,313580
517934,517959,517967,517992
523005,523073,523096,523039
553632,553735,553688,553738
583814,583830,583866,583874
754027,754031,754061,754040
998625,998660,998663,998652
623034,623061,623083,623123,623068
918179,918205,918214,918228,918212
